image: zq_lobby.pgm
resolution: 0.050000
origin: [-19.443384, -23.362184, 0.000000]
negate: 0
occupied_thresh: 0.65
free_thresh: 0.196

